33133333 m. 257

avtreede om 39 133. 333393 3,333333333333 33 333133 1333 39 33393,
Ψ Ἠ,33333913 dabschynt 1333333913 3333193333 3333 393ι 9333 3333333-
ιζ 3391393, 3333 333 393 wib 3333333333311113, 313 3313 393 9333 333333-
’“ζ 33331339 33 333 333933 93333339 33333399339, oft 3133’ 3 9333
³· 333333 33313 93331 33, oft 333 933 3133333333 33 333 93333 3333.
113313 [LE. 3331333333 3333 3333 139 by 93333 333333, 33 33 313 393
1333 3333133333 333 33 33933333 333 333 Adam sien 1333, 33 3313933
1333, 333 [LE. 39 93333 33333333 33 333 33333, 3333 333 3333 3333
⁷ bem 3393993 sodaanig bepaalb 33 syn, oft voor so veel die tegen
’ς gots verbob stryden sow: 33 33333333 333133 333933333339339333-
1393, (93393 313 333333, 3333333 33 3333, 333 33333333) 333333 3333
3333 3333 33 3333333, 3333333393, 333 933 333933, 333 33933 393333
333333, 333 33333 3333333333, oft 333 39 9333 33333 393, 3333
339333333333 333 39 33933 9333 333 3333333. 33333 3333 339 313
333 3333 1333333 33333333, 333 sonden, en 333331333331119313,
en veel min 3333133333 syn of beuren tegen gots wil, maar
in tegendeel [354] zeg ik, niet 311333 dab de sonde niet 133
33311193 13, maar ook, dabmen 3133, dan 3331933319133133333133-
lyker wys spreekende‚ seggen 133, dab men begen got sondight,
gelyk als wanneer men segt, dat de menschen gotvertoornen.
Want, 53333933331333333333, 3333 33333 333, 333 al 3333 ’3 33, 33
33913 3339333333, 333333 39339133 op 9333933333 3339, 3333333133-
1393 3333393, 333 3333, 33393 33333 33 333 3333133 33 33333 3339,
333 333 33333 3333333. 33333 333 3313 3333 333333 33. 39 33333333
33333 313 3313 333 3333393, of 33933333 333 333 Adam, 333333 33
33333333 3339133 33 33333,· 333 13333393 of 13933333 3333, 33 sich
333333 3339333313, 33 3333 3333333393 3333393 333 39 333 33333
39333313, 33 333 13333 3333 bier 393 33333333, 3333333913 333 3333
33 33 333933 9333 333333333331393 1333 33939933, 333 39 3333 op
333333 333, 333 33333 33333 hebben, 33· 3333133333 33 ’3 3333393 333
Adam, 333 3333 333 33 33313 33333 3333333133, 333333 1333 3333 33-
3333, 333 3333333133· 393, of die 3333331333 33333 333333, 33
3339333313, 9333 333333333193 333 1333333 333333. 33, 3333 1333
1333 3339339133 3333 3333333933 333333 333933, 333 333 3933313 333
333 3333 333333331333 393, 933913 3333333, 1333131333 333. 33333 333333
3313 333 3313, 33333· 3333, 333, 33333 33333 33 333333 333933, 333
3333 33 33 3333331333 33333393, 33 333 333933393 3333333, 33 33
33333 3333 3333333339, 33 33333333 3333333, 933913 by 333333333

1333 3333393 333 de beben, de 9333333393 33 33 339333, 333. 3333133
333933 3333 33 33 3333331333 33333393, 33 3333 33 3333 3333· 33 33333
339 33 333333 3333331333 3333333333, 333 33 39333 33 [355] volgt
klaarlyk, dat sonden‚ overmibs (113 niet dan onvohnaakthyt

’ Π. ’ 17

 

