· EPISTOLA xxxvm. 327

: 9999999999, 999 999, 9999999 9999 999999 9999999999, 9999 99999999999999·
999 9999 999, 999 9999· 99999 99 9999999999, 999999 9999, 9999 999 999
·: 99 9999999999 999999. 99999999 999 99999 999 999 999 9999 9999, 99 9999999
, 9, 9999999999, 999 999 99999 9999999999 99 9999999, 99 999999 999 99
9999999999 999 999999 ’ 999999 99 99999 99 99999, 9999 99 9999 9999999
- 9999, 9999· 9999 9999999 999999: 999 999 Β, 99 99 99 99999 999
Ο 9999 999999, 999 99999 999999 9,9999999999 90 9999 999 9999999 999999-
9999, 999 099999· 99999 9999 9999999· 99999 Α 99999 99999 999999 9999,
9999 99 999999 99999 9999999999 999 99 99999 9999 999999 999999 9999 999
9999 999 9·9999 99999999999 menschen, of 999 9999 9999999999999 999999 ,
99999991999'99 999999 999 9999999 9999, 90 99999 999999 999, 99999, 999·
99999999 99’99 999999 99 999999 099 999 9999 ander 9999 9999999999·
999999 99999 9999 999999, 999, 99999999 999 999999, 999999 99999999 99999

99 9999999999, 999, 99999999 999 999999 99999, 99999999 99999999 9999 9999999

999, 999 99, 99 99999 999 9999999999 999999 99, 99999999 99 9999
9999 999 999, 999 999999 9999, 999 9999 99 999, 999 9999999 999 999.
99999999, 99999999 999 99'9 99999 9999999999, om 9999 9999999999 9999999
999999 999 999 9999 99999999 99 999 999999, op 999 99 999999, 999
99999 99999999, 9999999 99999999 99999 999 9999999999, 99, 9999999 99 ’9
99999 9999, 99 99999 9999· af 9999999999, 99 999 99 99999 999 999999-
9999999 999999 99999999 9999999 99 999 9999 9999999999 999 9999999 99,
99999999 99 99999, 999 99'9 99999 9999999999, 999 9999999 99999 99999999
99 999999 99999, 999, 99999999 99 999999 999 9999, 999999 99999999
99999 99 9999999999, of, 99999999 999 ’9 99999 9999, 9999 99999999 99 999·
9999999.

De 99999 99 999 9999999, 99999999 99 99999 9999 999 9999 99999999 999
99999 9999999 9999 999999, om 9999999 99999999 99 9999999999, of 999 999999·
9999 9999999999 99 9999 99 9999999999 of 999 9999 99999999 999 9999 9999
99999999, 999 9999 99 9999999999, ol 9999· 99 9999999999, 999. 9999 999
99999 99999 999 999 9999 99 999, 999 999 999999 9999999999, 99999999
9999, 99999 9999 999 99999 999999 999 9999 9999999 99,9 99999 99999999,
999 9999 999999 9999 99999 9999, 999 99 9999999 9999 999 9999999,
99 9 99 9999999999 99,9999999 999 90 99999 999999 9999999999 99999999
99 9999 9999 999 999999 999 99 99999999, 9999· 99 99999999 9999 99 99-

9999999 9999999, 99999999. 99Τ9 99999 9999999999, 99999999 99 99 99 999 99‘f
99'9. 999 99999999 99999 99999 9999 9999999999 999999 9999999, 99 999999 99
999999 999 9 999999 999 99 999 9’·999999 99999999 99999999 999 99999
9999999 999 9·,99999 90 999999 99 9 999-ξ 999999 9999 ⁸ 999 99999999
9999999.Ι 99999999 9999 99999999, 9999ς ⁸9 999999 9999 l9999 9’·,999999 999 990
99999 99 999999 9 999 99 99999 9. 999 99 99999 9 999 9999 99999 9999999,
999 999999 9999, 99999999 99, 999 9999 9999999999, 99999 99999 999 9999
’9 9999999999 999999, 9999 9 99 9999999999, 99999 9999 99'9 03‘ 9999 9999999

 

