99999999 711. 375

,U Iu Ed. Belg. ipsa Spinozae verba paululum expolita servari videntur:

M9n H777,
z:

3, Un brief, 99 977 77777 on san97n 99 999 99999 9999· 9999 999999999
1111911 111111111111111119111911911111 7, 77⁸ 77
19999991 anderen 1911991119 9999· 9999 qmmd 70777777777 77 99919995 9919999999
ἐάᾳ 9991999919999199999(1999999199 7777 9999 9919 99 777 7777 7779
,9399 999999999 91, 99 9999991991, 19999991· 919999·’ 99 9999, 9199 9999999·
99,· 91999991 91 9999999999 9199 9999 9919991991 99999 zaken, 99999· 999
benzelin9777 en 99999199 999999 9999 999 9 9999 91999 19999999 99911999.
Maar 1999 9999 9199, 777 neten 0777 999919999199, 99991999, 999
*777777777977 79'n, 999 99991999991199 91999 99 9199 19 9 777777 9999999999
9991· 99199999, 99999999 9999999199999919919999999 9199 99· 9999999 7977,
99999· 9919 91999· 999 999 77 9ffelen 999 919 977n‚7 919 9 999 70 9991
999919999999999, 919 99991999 9999199 999 999999 9999 99191999 91999,
'‘'7'077779 779 99. 11919999 999999 9199 91· 77 7779'7 99999999999991999,99
5199999199,99919999 19999 99 9 9999 999 999199 91999 999999999991, 9991 9999999199·
51 9199919 99199. 11999999919999, 919991· 9999919991999919 77 9199999199 77,7 99
51 77 verzoeleen 9199 1999919919991, 999 zo 99919999999919999999, 91999999
51 van spoken 977777n 19199, 999 99199999999999999999, 999 919 9991·
5 1999 nnn 9999999 919991 9999919 99 999 9919999 919 1999 99999 91991999
51 999199 9999199 797: 777777, 999 9991999999 9 99999199, 91 1999999999 9999
³³ 97700777777777'9 77779777 9919999, 919919199919919999919919999199·
5 9999 77 99999 99991· 1999199 999 99999 99999 7 9 7z9n, 777 nieman 7777777
1999199119 999 7n 9 konnen 99999999 1919 9919 777· 99199· 9199 999999
1 999 9999 9199919 999911· 999 911·99919999991999 99 1199919919 99999999
.¹ 99999199999191991 99999 neten 7777 99199 999.Ι 9991999999 1999 9999999
1 9999991991 n7'7 9999 99919991 1999199999 91991999 999199 999999 99999
1 9991 9199, 7777’777'7777'7, 999199 99199999999999 77.·777997'7777777.
11991999 919 Ρ19199991999 9199 9199999, de 777777777 999999919119999999,999-
1 1999 9991199 99999999, 99 991 91· 19999999 9199999 99199999, 91999991
1 99 9999991999 999999 79'n, 91999 777 91· 9999 1999991999.
1 1999191919, 7n9n H777, 91· 777 77, 99991 999 9999919999 91999
9999119 99991999, 7777 99 999 7779 7797, 999119 9199999 91999 99991999
of 99999999 79‘n. Z9'n 1919199199·99.999999, os dullen? 777779'7 1999
97777, 777 91 91999· af 9919999199, 999· 91999999 999 19999991999
9199 999 9999999999 menschen 77779'nen, 999199, 999 1999999 97no·
99999, 9999999 199999 9999 99199199, 9199 9999· 1999999991, 9919991-
77777779f 999 999999. 17· 9199, 7777 77'n777 1999 af 99919999, 991 9
9991 999 9991 99 9999999 999999 9 9199 99, 9199 9199999199, de 9991199
919 menschen 9emen779'77 1991919999, 999 919 91919999 99 9999911999, 9999

Ἣ

³1¹7
Ἡ

 

