256 33333333 x1x.

humano 33336 ro intellectu Dei servi dicimur, carent. 1333, 3
Deum non cognoscunt, non sunt nisi instrumentum mu
Artificis, qued luscium servit, 36 serviendo eonsumitur3
contra conscii serviunt‚et tserviendo perfectiores evadunt

Addimus ipsius auetoris verba Heleneion, quae in diario enni 16
publici Juris feeit Francisene Helme ex autographo hodie de ·¹
Quod 33333363 ab illo descriptum esse, probatur Epistolb XXVII ’3
expresse cnjusqee 3336336) tJJum habemus.

(Boekzaal der Geleerde WerreIt, Meart- April 1705, blz. 352 w.)

6693 66333, 33 3333· 3339333333 3363336.

U. Ε. brief 333 633 12. 6393363363 63 333 ander· van den
december, 636 66· ep 633 26 6663, 39363 63 3363663333, 33336 333
633933, 3396 63 333663 3333633 6393 Ε. 933363 liefdetotbew2
33 6363 z J 366333 636 6336 333 3633 93 933339336633633 33, 636
663 336 3636 6336333 633396, heeft 66333 6336339633 3636 alleen 666
3333336, 333336 96 333 ep 63 3333933, 663 69 nu sent, en in
33669 333633 33633 333 333 93 33336336 63 366633 336 33333· 633, 33
63333333 696 633 66,33333 33333· 336 333 33 93 6336 36633 6333 ¹
63663 633333633· 633363, 333 39333663 33 33336393 336 konnen 36336
6333. 66336 3333 339 333 6663663933, 6636339633 m 93 mJaJ
393, 93333 9333633 3966 363 63 333 633333933 hebben, 333
63963, 663 63 3333369 39339 36696 63363333, 63 3366336 33
33633633639 636 6333363, 333 636 66693 eof 636 6339 336363 633 werel
63666396 33 3333 333966 63, 933 33 66963 6333333 633363333, 63
33633693 3333336339 63336633 636 663663, 663 36333663636 6633336633
633393, 333 6363 39 9393336 63 ep 663, 663 63633636 666363336363
33333696 63366, 33 33339696 63 63 3363363633, 363 63 33333696, ¹e
93336 39363, 3636 63 33363633. 6333 69 63 39 63 93336363, 33333
9333333363, 663 6366639333, 6636396333 3333333966393, 633 93
93333 33336339 333-[35363663 9333 6639, 63633633 63 33333696, 63
3333363663 363333 33 93333363333 6333333336 3333336933. 66 333
333369 63 3333393363 336669633633 663 ’r 3396 336933, 333 ΠΕ. 363
633933 ep 63 633633 3336 663933 663 69, 3393639666, 33663 333
33336, 636 66 3333333336 633 333· 936333 6336, 3333 63363 633633 ,
633333, 633 3339333333 333963, 33 63 633633333363 393 336, 93
63393366396 63 3333933 hebben, 333 3393 93333633 663336 63 6333
63633333. 333, 333 363 633933333366963 33333· 63 33333333, 3366663

 

